roundtrip
0.0005767499678768218
0.0006500830058939755
0.0007204170105978847
0.0007387500372715294
0.0007531250012107193
0.0006327920127660036
0.0007759170257486403
0.0006400419515557587
0.0006633329903706908
0.000762708019465208
0.0007450419943779707
0.0007366249919869006
0.0007115419721230865
0.0006821249844506383
0.00074562500230968
0.0007704999879933894
0.0007199159590527415
0.000716291950084269
0.0007027910323813558
0.0007387499790638685
0.0007187080336734653
0.0007292919908650219
0.0006511249812319875
0.0007397079607471824
0.0007287909975275397
0.0007772910175845027
0.0007292500231415033
0.0007793749682605267
0.0006644169916398823
0.0007041249773465097
0.0006945420172996819
0.0007685000309720635
0.0007780839805491269
0.000741666997782886
0.0006506670033559203
0.0007006669766269624
0.0006740419776178896
0.0008451659814454615
0.0007104590185917914
0.0006390420021489263
0.0007244159933179617
0.0013024169602431357
0.0006361659616231918
0.0006505830097012222
0.0008004999835975468
0.0007237920071929693
0.0006085420027375221
0.0006498339935205877
0.0005977079854346812
0.0007395420107059181
0.0006881249719299376
0.0008183749741874635
0.0006875839899294078
0.0006618339684791863
0.0007500419742427766
0.0008610420045442879
0.0007358340080827475
0.0007847920060157776
0.000712290988303721
0.0007692499784752727
0.0006570830009877682
0.0007193749770522118
0.0007432909915223718
0.0007418750319629908
0.0006944579654373229
0.0005704170325770974
0.0006779999821446836
0.0006767080049030483
0.0007117079803720117
0.0007431670092046261
0.0007348750368691981
0.0006571249687112868
0.0008840420050546527
0.0006140840123407543
0.0006655830075033009
0.0008230829844251275
0.00077420799061656
0.0007107499986886978
0.0005545839667320251
0.0006936659920029342
0.0006653330055996776
0.0007958749774843454
0.0006598749896511436
0.0006422079750336707
0.0006744579877704382
0.0007122079841792583
0.0008266249787993729
0.0006817919784225523
0.0004999159718863666
0.0005414580227807164
0.0007476249593310058
0.0007411250262521207
0.000689541979227215
0.0007841670303605497
0.000707291008438915
0.0006774579524062574
0.0006739170057699084
0.00057516701053828
0.0006431249785237014
0.0005784590030089021
0.0006672919844277203
0.0007714999956078827
0.0006449579959735274
0.0005987080512568355
0.0007426249794661999
0.0005731249693781137
0.000707667029928416
0.0005707090022042394
0.0006549999816343188
0.000588916998822242
0.000649375026114285
0.0006090840324759483
0.0008156659896485507
0.000645708991214633
0.0006291249883361161
0.000669957953505218
0.0006034999969415367
0.0006003330345265567
0.000568667019251734
0.0006455419934354722
0.0006902090390212834
0.0006067079957574606
0.0006231250008568168
0.0006115410360507667
0.0005578339914791286
0.0005657500005327165
0.0007305830367840827
0.0006933750119060278
0.0007814999553374946
0.0007205000147223473
0.0007599170203320682
0.0005582500016316772
0.0008110830094665289
0.000554541009478271
0.0007341669988818467
0.0006381669663824141
0.0007637080270797014
0.0006292499601840973
0.000579833984375
0.0005945419543422759
0.0005917499656789005
0.00056170899188146
0.000712999957613647
0.0006981659680604935
0.0005602090386673808
0.0005479159881360829
0.0005870829918421805
0.0005970829515717924
0.0007675830274820328
0.0005934169748798013
0.0005891250330023468
0.0007652080385014415
0.0007635419606231153
0.000806833035312593
0.0005836670170538127
0.0005494999932125211
0.0007116670021787286
0.0006532080005854368
0.0005628750077448785
0.0008502919808961451
0.0007556659984402359
0.0007511659641750157
0.0006158750038594007
0.0005545419990085065
0.0005804579704999924
0.0006476659909822047
0.0006402499857358634
0.000905583961866796
0.0005618329741992056
0.0006256250198930502
0.0006665419787168503
0.0007827500230632722
0.0005670409882441163
0.0007830830290913582
0.0006178339826874435
0.0005492079653777182
0.0007740419823676348
0.000563582987524569
0.0005753330187872052
0.0007479169871658087
0.0007040839991532266
0.0005932500353083014
0.0007938749622553587
0.000539999979082495
0.000797750020865351
0.0005771249998360872
0.0005895000067539513
0.0006442919839173555
0.000627624976914376
0.0005746249807998538
0.0006017499836161733
0.0008803339442238212
0.0006699999794363976
0.000651500013191253
0.0006678750505670905
0.0006697500357404351
0.0006492499960586429
0.0006009169737808406
0.0006117920274846256
0.0007682080031372607
0.0006554159917868674
0.0007937499904073775
0.0005642499891109765
0.0006197079783305526
0.0005722499918192625
0.0006552080158144236
0.0007645830046385527
0.0007629159954376519
0.0007607910083606839
0.0005674590356647968
0.0007136249914765358
0.0007497080368921161
0.0007070829742588103
0.0005910000181756914
0.000579125015065074
0.0007359589799307287
0.000777499983087182
0.0006765419966541231
0.0006173750152811408
0.000574083998799324
0.0006977920420467854
0.0006020419532433152
0.0005746250390075147
0.0005403749528340995
0.0005795839824713767
0.000743083015549928
0.0008235000423155725
0.0005731660057790577
0.0006682500243186951
0.0005850000306963921
0.0006702500395476818
0.0007717499975115061
0.0007544580148532987
0.0006124170031398535
0.000556000042706728
0.0007597500225529075
0.0006333329947665334
0.0007294579991139472
0.0007156250067055225
0.0006240000366233289
0.0006278750370256603
0.0008164580212906003
0.0006607500254176557
0.0008564580348320305
0.0005952499923296273
0.0006307500298134983
0.0005626659840345383
0.0007692499784752727
0.0006920419982634485
0.0006065419875085354
0.000585624948143959
0.0007947499980218709
0.000635207979939878
0.0007599589880555868
0.0006256670458242297
0.0007762080058455467
0.0005569169879890978
0.0008001659880392253
0.0006523340125568211
0.0007268330082297325
0.000668874999973923
0.0006292089819908142
0.0007557909702882171
0.0007740830187685788
0.0005638329894281924
0.0005712499842047691
0.0005514579825103283
0.000770249986089766
0.0007546250126324594
0.0005915419897064567
0.000696042028721422
0.0008107079775072634
0.0005521669518202543
0.0005836249911226332
0.0007390420068986714
0.0007332499953918159
0.0005560840363614261
0.0007792499964125454
0.0006600829656235874
0.0007444160291925073
0.0007917500333860517
0.0006563750212080777
0.0005818339996039867
0.0006752909976057708
0.0006038749706931412
0.0007362499600276351
0.0007986659766174853
0.0005914170178584754
0.0005600419826805592
0.0006541669717989862
0.000921541010029614
0.0008912910125218332
0.000631208997219801
0.0006271249731071293
0.0005814160103909671
0.0006947079673409462
0.0007468329858966172
0.0006661250372417271
0.0005764590459875762
0.0007404999923892319
0.0006227500271052122
0.0007921669748611748
0.0007038749754428864
0.0005575410323217511
0.0007954160100780427
0.0006202920340001583
0.0006492090178653598
0.0005724170478060842
0.0007912080036476254
0.0005802499945275486
0.000633792020380497
0.0006329579628072679
0.0006270839949138463
0.0007550829905085266
0.0006097910227254033
0.0006306249997578561
0.0007856250158511102
0.000641042017377913
0.0008094169897958636
0.000781125039793551
0.0007323329919017851
0.0005946250166743994
0.0006607910036109388
0.0006853750091977417
0.0006023329915478826
0.0005252079572528601
0.00057441700482741
0.0005806249682791531
0.0005999589920975268
0.0006103329942561686
0.0006333339842967689
0.0005394169711507857
0.0006579579785466194
0.0006052500102669001
0.0005381249939091504
0.0006394590018317103
0.0006673749885521829
0.0005932080093771219
0.0006516249850392342
0.0005474589997902513
0.0007905829697847366
0.000535333005245775
0.0005704580107703805
0.000556332990527153
0.0005442920373752713
0.0005093750078231096
0.00055237504420802
0.0006326250149868429
0.0005626669735647738
0.0005822500097565353
0.0006542920018546283
0.0005413340404629707
0.0005650839884765446
0.0006627499824389815
0.000669291999656707
0.0006894170073792338
0.0006805830053053796
0.000800333044026047
0.0006540410104207695
0.0006830409984104335
0.0006292919861152768
0.0006863329908810556
0.0007665419834665954
0.0005478750099427998
0.0006229999708011746
0.0007199160172604024
0.0006660830113105476
0.0006817080429755151
0.0006965000065974891
0.0006169590051285923
0.0007980830268934369
0.0006252499879337847
0.0010657079983502626
0.0007365409983322024
0.0006233750027604401
0.0006094590062275529
0.0006695829797536135
0.000656916992738843
0.0006376250530593097
0.0006502919713966548
0.0007160829845815897
0.0006614999729208648
0.000796667009126395
0.0006694580079056323
0.0006803749711252749
0.0005879999953322113
0.0006033329991623759
0.0006410829955711961
0.0006368330214172602
0.0006560419569723308
0.0008798330090939999
0.0007215410005301237
0.0006596249877475202
0.0006978330202400684
0.000787957978900522
0.0007280409918166697
0.0007405420183204114
0.000814792001619935
0.0007790410309098661
0.0007608330342918634
0.0005945420125499368
0.0007656670059077442
0.0007184160058386624
0.0007741249864920974
0.0006107910303398967
0.0006128329550847411
0.0007343750330619514
0.000718457973562181
0.0006776659865863621
0.0006205419776961207
0.0006549169775098562
0.0006508330116048455
0.0006650830036960542
0.0007645000005140901
0.0007728329510428011
0.0006749999593012035
0.0006464579491876066
0.000634833995718509
0.0006644170498475432
0.0006313329795375466
0.0006509579834528267
0.0006764580029994249
0.000674291979521513
0.0006332079647108912
0.0005518340039998293
0.0006314589991234243
0.0006452079978771508
0.0006663750391453505
0.0006606670212931931
0.0006527499645017087
0.000706499966327101
0.0006392920040525496
0.0006452499656006694
0.0007877910393290222
0.0006687910063192248
0.0006928750080987811
0.0007610840257257223
0.0006121670012362301
0.0007575000054202974
0.0007579589728266001
0.0007042089710012078
0.0006752919871360064
0.0008128749905154109
0.0006447919877246022
0.0006253750179894269
0.0006831249920651317
0.0006677079945802689
0.0006365419831126928
0.0006392920040525496
0.0007000000332482159
0.0007630829932168126
0.0006958749727346003
0.0006092500407248735
0.0006842919974587858
0.0007638329989276826
0.0006387500325217843
0.0006360840052366257
0.0006391659844666719
0.0007512919837608933
0.0008036249782890081
0.0006497919675894082
0.0007183339912444353
0.0007543750107288361
0.0007668339530937374
0.0008512919885106385
0.0007014169823378325
0.0007459159824065864
0.0005867920117452741
0.0006746249855495989
0.0007027499959804118
0.0006739579839631915
0.000666000007186085
0.0006347500020638108
0.0006860829889774323
0.0006837500259280205
0.0008035419741645455
0.0008318749605678022
0.0006920829764567316
0.0006339999963529408
0.0007422500057145953
0.0007061249925754964
0.0006865420145913959
0.0006726669962517917
0.0006698750075884163
0.0008246250217780471
0.0007518749916926026
0.0007451659766957164
0.0007169999880716205
0.0007965830154716969
0.0008396669873036444
0.0006372919888235629
0.0007630419568158686
0.0007620840333402157
0.0007023339858278632
0.0006453749956563115
0.0007103750249370933
0.000651500013191253
0.00072975002694875
0.00073291698936373
0.0006704159895889461
0.0006680410006083548
0.0007192919729277492
0.0006890830118209124
0.0006873749662190676
0.0007374999695457518
0.0007581249810755253
0.0006578749744221568
0.0008225000347010791
0.0007500419742427766
0.0006943750195205212
0.0007300410070456564
0.0008466250146739185
0.0007218330283649266
0.0006712080212309957
0.0007314169779419899
0.0006694580079056323
0.0008007910219021142
0.000678708020132035
0.0007792079704813659
0.0007302500307559967
0.0006828749901615083
0.000757209025323391
0.0007297910051420331
0.0006148749962449074
0.0006413329974748194
0.0008143329760059714
0.0006499169976450503
0.0007757919956929982
0.0007001669728197157
0.0008229170343838632
0.0006235420005396008
0.0006270830053836107
0.0007127919816412032
0.0006028329953551292
0.0006018750136718154
0.0007077089976519346
0.0006207919795997441
0.0006458329735323787
0.000674000009894371
0.0006925420020706952
0.0006523340125568211
0.00075758300954476
0.0006652079755440354
0.0007253329968079925
0.0006690419977530837
0.0007866670493967831
0.0007925000390969217
0.0007712079677730799
0.0006336250226013362
0.0007047499530017376
0.0006884580361656845
0.0007799160084687173
0.0006977909943088889
0.0006808750331401825
0.0007791249663569033
0.0007100409711711109
0.0008289589895866811
0.0006781660486012697
0.0007552090100944042
0.0008565410389564931
0.0007385000353679061
0.0007052909932099283
0.000660583027638495
0.000700332981068641
0.0008358749910257757
0.0007834589923731983
0.00076374999480322
0.0007539160433225334
0.0007745830225758255
0.0006639580242335796
0.0006227500271052122
0.0005922080017626286
0.0007127080461941659
0.0006535419961437583
0.0007990840240381658
0.0007276249816641212
0.000783958996180445
0.0006597500178031623
0.0006921250023879111
0.0008419170044362545
0.0007022920181043446
0.0007009170367382467
0.0006422080332413316
0.0006326669827103615
0.0006764170248061419
0.00068770901998505
0.0006353329517878592
0.0007359579904004931
0.0006978330202400684
0.0007027080282568932
0.0007687080069445074
0.0006572080310434103
0.0007502090302295983
0.0006420830031856894
0.0007418330060318112
0.0006219170172698796
0.0007837089942768216
0.0006857090047560632
0.0007522089872509241
0.0007707920158281922
0.0006869169883430004
0.0006512500112876296
0.0007787079666741192
0.000679749995470047
0.0008048749878071249
0.0006736249779351056
0.0008051249897107482
0.0006326250149868429
0.0006764159770682454
0.0006875839899294078
0.0007296669646166265
0.0009737919899635017
0.0008197499555535614
0.000781749957241118
0.0007517499616369605
0.0007784580229781568
0.0006788329919800162
0.0007302080048248172
0.0008322920184582472
0.000700791017152369
0.000710124964825809
0.0007914999732747674
0.0006727500003762543
0.0006314169731922448
0.0007996250060386956
0.0006309580057859421
0.0007318329880945385
0.0007598749944008887
0.0007977079949341714
0.0008126670145429671
0.0007701669819653034
0.0006745409918949008
0.0007559999939985573
0.0007015839801169932
0.000675041985232383
0.0007141249952837825
0.0006156670278869569
0.0006842910079285502
0.0006502920296043158
0.0008613330428488553
0.0007139170193113387
0.0008602909510955215
0.0007135409978218377
0.0007029999978840351
0.0008191249798983335
0.0008026250288821757
0.0007037090254016221
0.0006904579931870103
0.0007886249804869294
0.0007244590087793767
0.0007239590049721301
0.0007870830013416708
0.0007610829779878259
0.0008672080002725124
0.0007696670363657176
0.000739875016734004
0.0007133749895729125
0.0006870829965919256
0.0007946249679662287
0.0006864580209366977
0.0006895409896969795
0.0007703330484218895
0.0006587080424651504
0.0006928330403752625
0.0008470839820802212
0.0007026249659247696
0.0007496249745599926
0.0007122500101104379
0.0006691250018775463
0.0006477080169133842
0.0006438749842345715
0.00077962497016415
0.0006299579981714487
0.0006617499748244882
0.0007690410129725933
0.0006488749640993774
0.0008355840109288692
0.000664916995447129
0.000684458005707711
0.0007223749998956919
0.0006855000392533839
0.0006740420358255506
0.0007184580317698419
0.0006564159994013608
0.0006601660279557109
0.0006793329957872629
0.0007596249924972653
0.0006489169900305569
0.0006973749841563404
0.0008000829839147627
0.0006166659877635539
0.0006651249714195728
0.000756499997805804
0.0007442499627359211
0.000641042017377913
0.0007830419926904142
0.0007078329799696803
0.000850624986924231
0.0008479999960400164
0.0008419589721597731
0.0006559580215252936
0.000824916991405189
0.0007142079994082451
0.0006792499916628003
0.0008070000330917537
0.0007798750302754343
0.0008180420263670385
0.0007706669857725501
0.0008077499805949628
0.0006706249550916255
0.000669625005684793
0.0007203749846667051
0.0006617080071009696
0.0006157079478725791
0.0008260830072686076
0.0007974579930305481
0.0006639999919570982
0.0006489999941550195
0.000658417004160583
0.0006191669963300228
0.0007007500389590859
0.000783249968662858
0.0007671249913983047
0.0007891249842941761
0.0006817920366302133
0.0007076660403981805
0.0006725409766659141
0.0006673330208286643
0.0007550420123152435
0.0006567920208908617
0.000686334038618952
0.000761958013754338
0.0008137080003507435
0.0006685829721391201
0.0006405829917639494
0.0006202500080689788
0.0007256249664351344
0.0007737079868093133
0.0007970410515554249
0.0008369999704882503
0.0006758749950677156
0.0007049999549053609
0.0007146669668145478
0.0006639169878326356
0.0006496250280179083
0.0008490000036545098
0.0008833750034682453
0.0008279579924419522
0.0007987089920789003
0.000823083973955363
0.000759792048484087
0.0006425000028684735
0.0007986249984242022
0.0006906659691594541
0.0007164580165408552
0.0006869169883430004
0.000648624962195754
0.0007648339960724115
0.0007929590065032244
0.0008160409634001553
0.0007156250067055225
0.000743459037039429
0.0007970420410856605
0.0007962500094436109
0.0007204170105978847
0.0007206250447779894
0.0008135419921018183
0.0006835410022176802
0.0008248749654740095
0.0006532499683089554
0.0006690840236842632
0.0007938339840620756
0.0006967090303078294
0.0008070840267464519
0.0006972920382395387
0.0007779580191709101
0.0007158340304158628
0.0008030419703572989
0.0006689580040983856
0.0006680000224150717
0.000643208040855825
0.0006398339755833149
0.0007157499785535038
0.0007255829987116158
0.0007287499611265957
0.0006356249796226621
0.0006570410332642496
0.0008598330314271152
0.0007450829725712538
0.0008568339981138706
0.0007276249816641212
0.0007869589608162642
0.000797790999058634
0.0006644999957643449
0.0008238339796662331
0.0007051249849610031
0.0007475829916074872
0.000720667012501508
0.0006809579790569842
0.000565374968573451
0.0007531250012107193
0.0006617080071009696
0.00064429099438712
0.0007798750302754343
0.0007602920522913337
0.0006483329925686121
0.000612416013609618
0.0007573749753646553
0.0008896670187823474
0.0006889170035719872
0.0006777080125175416
0.0006708750152029097
0.0006593330181203783
0.0007895000162534416
0.000771624967455864
0.0008237920119427145
0.0006026659975759685
0.00064429099438712
0.0006412499933503568
0.0007277919794432819
0.0008324169903062284
0.0006789170438423753
0.0007637920207343996
0.0007956670015119016
0.0007478749612346292
0.0006749170133844018
0.0006695829797536135
0.0007752919918857515
0.000742000003810972
0.000652582966722548
0.0006644999957643449
0.0006689580040983856
0.0006827079923823476
0.0007671249913983047
0.0006270000012591481
0.0007911249995231628
0.0008164159953594208
0.0006857919506728649
0.0007616250077262521
0.0006620000349357724
0.0007023329962976277
0.0006435830146074295
0.0007096249610185623
0.000737333029974252
0.0007393330452032387
0.0006487499922513962
0.0007673330255784094
0.0008113749790936708
0.0006723339902237058
0.0007902919896878302
0.0007560829981230199
0.0006307499716058373
0.0006564169889315963
0.0008224169723689556
0.0006836249958723783
0.0006217909976840019
0.0006704169791191816
0.0007397090084850788
0.0007411250262521207
0.0007342919707298279
0.000691374996677041
0.0007570419693365693
0.0007209579925984144
0.0007200419786386192
0.0007083750097081065
0.0007228750037029386
0.0007376660360023379
0.0006704169791191816
0.0006664579850621521
0.000659167009871453
0.0005921670235693455
0.0007131249876692891
0.0006390000344254076
0.0006410839851014316
0.0006900000153109431
0.0006596669554710388
0.0006748329615220428
0.0006808749749325216
0.0007251669885590672
0.0006469169748015702
0.0008116670069284737
0.0006224170210771263
0.0007184160058386624
0.0007618749514222145
0.0007841250044293702
0.000738792004995048
0.0006817909888923168
0.0005245830398052931
0.0006707499851472676
0.0007497500046156347
0.0006862920126877725
0.0007139589870348573
0.0008298750035464764
0.0006727500003762543
0.0007172499899752438
0.0006292079924605787
0.0007049590349197388
0.0007458750042133033
0.0007432089769281447
0.0006755000213
